place(-11.585, 1.527, 27.636, "Farm", 1100)
upgrade(-11.585, 1.587, 27.636, 800)
place(-11.506, 1.473, 31.235, "Farm", 600)
upgrade(-11.506, 1.532, 31.235, 300)
place(-11.353, 1.383, 35.208, "Farm", 300)
upgrade(-11.353, 1.443, 35.208, 401)
place(-15.220, 1.559, 27.644, "Farm", 501)
upgrade(-15.220, 1.619, 27.644, 201)
upgrade(-11.585, 1.587, 27.636, 855)
upgrade(-11.506, 1.532, 31.235, 763)
upgrade(-11.353, 1.443, 35.208, 813)
upgrade(-15.220, 1.619, 27.644, 774)
place(9.037, 1.195, 21.457, "Boomerang", 1074)
upgrade(9.037, 2.557, 21.457, 524)
upgrade(9.037, 2.557, 21.457, 795)
place(-15.379, 1.546, 31.192, "Farm", 1001)
upgrade(-15.379, 1.606, 31.192, 607)
upgrade(-15.379, 1.606, 31.192, 1271)
place(-15.316, 1.466, 34.942, "Farm", 671)
upgrade(-15.316, 1.525, 34.942, 1556)
upgrade(-15.316, 1.525, 34.942, 1356)
place(-12.074, 1.263, 39.201, "Farm", 770)
upgrade(-12.074, 1.322, 39.201, 470)
upgrade(-12.074, 1.322, 39.201, 2539)
place(-15.836, 1.194, 39.430, "Farm", 1940)
upgrade(-15.836, 1.253, 39.430, 1654)
upgrade(-15.836, 1.253, 39.430, 1454)
place(-19.163, 1.443, 31.628, "Farm", 854)
upgrade(-19.163, 1.502, 31.628, 554)
place(-19.262, 1.428, 35.347, "Farm", 354)
upgrade(-19.262, 1.487, 35.347, 843)
upgrade(-19.163, 1.502, 31.628, 643)
upgrade(9.037, 2.557, 21.457, 3081)
place(11.722, 1.212, 29.561, "EvolvedEnforcer", 2919)
place(11.951, 1.212, 29.415, "EvolvedEnforcer", 3801)
upgrade(11.951, 2.579, 29.415, 3034)
upgrade(11.951, 2.579, 29.415, 3472)
upgrade(-11.585, 1.587, 27.636, 2947)
upgrade(-15.220, 1.619, 27.644, 1711)
upgrade(-11.506, 1.532, 31.235, 1612)
upgrade(-15.379, 1.606, 31.192, 3404)
upgrade(-11.353, 1.443, 35.208, 2154)
upgrade(-15.316, 1.525, 34.942, 2111)
upgrade(-15.836, 1.253, 39.430, 4737)
upgrade(-12.074, 1.322, 39.201, 3549)
upgrade(-19.163, 1.502, 31.628, 2367)
upgrade(-19.262, 1.487, 35.347, 1177)
upgrade(-19.262, 1.487, 35.347, 1753)
upgrade(9.037, 2.557, 21.457, 12147)
place(12.060, 1.259, 26.568, "EvolvedEnforcer", 5232)
upgrade(12.060, 2.627, 26.568, 2352)
upgrade(12.060, 2.627, 26.568, 1352)
upgrade(-11.585, 1.587, 27.636, 5691)
upgrade(-15.220, 1.619, 27.644, 3452)
upgrade(-15.379, 1.606, 31.192, 8223)
upgrade(-11.506, 1.532, 31.235, 5723)
upgrade(-19.163, 1.502, 31.628, 1573)
upgrade(-19.262, 1.487, 35.347, 9497)
upgrade(-15.316, 1.525, 34.942, 6997)
upgrade(-11.353, 1.443, 35.208, 4577)
upgrade(-15.836, 1.253, 39.430, 2610)
upgrade(-12.074, 1.322, 39.201, 10644)
place(12.184, 1.244, 24.248, "EvolvedEnforcer", 8144)
upgrade(12.184, 2.612, 24.248, 5279)
upgrade(12.184, 2.612, 24.248, 4529)
place(12.212, 1.184, 21.955, "EvolvedEnforcer", 2103)
place(11.899, 1.138, 21.575, "EvolvedEnforcer", 3735)
upgrade(11.899, 2.506, 21.575, 9855)
upgrade(11.899, 2.506, 21.575, 9215)
place(14.635, 1.181, 28.503, "EvolvedEnforcer", 6565)
upgrade(14.635, 2.549, 28.503, 3595)
upgrade(14.635, 2.549, 28.503, 2845)
place(14.162, 1.130, 25.171, "EvolvedEnforcer", 11141)
upgrade(14.635, 2.549, 28.503, 8860)
upgrade(11.951, 2.579, 29.415, 7261)
upgrade(12.060, 2.627, 26.568, 4944)
upgrade(12.184, 2.612, 24.248, 11988)
upgrade(11.899, 2.506, 21.575, 7838)
upgrade(12.060, 2.627, 26.568, 15350)
upgrade(11.951, 2.579, 29.415, 8524)
upgrade(14.635, 2.549, 28.503, 13105)
upgrade(12.184, 2.612, 24.248, 7455)
upgrade(11.899, 2.506, 21.575, 15236)
upgrade(11.951, 2.579, 29.415, 18924)
upgrade(14.635, 2.549, 28.503, 22511)
upgrade(12.060, 2.627, 26.568, 12016)
upgrade(12.184, 2.612, 24.248, 17010)
upgrade(11.899, 2.506, 21.575, 22459)
